Keystroke times: 0.2719154357910156 0.15195083618164062 0.22392964363098145 0.30390214920043945 0.2799105644226074 0.17694640159606934 0.10296773910522461 0.07097148895263672 0.10497307777404785 0.08797264099121094 0.19993257522583008 0.09596824645996094 0.17694330215454102 0.03898811340332031 0.08760786056518555 0.20093512535095215 0.10397219657897949 0.15094518661499023 0.16894841194152832 0.23192620277404785 0.23192453384399414 0.23992633819580078 0.1689462661743164 0.21493268013000488 0.3204500675201416 0.6637833118438721 0.20793461799621582 0.1999361515045166 0.1519472599029541 0.3838801383972168 0.24847173690795898 0.07997417449951172 0.18394160270690918 0.23192572593688965 0.14395403861999512
WPM: 69.53
Keystroke times: 0.2719154357910156 0.15195083618164062 0.22392964363098145 0.30390214920043945 0.2799105644226074 0.17694640159606934 0.10296773910522461 0.07097148895263672 0.10497307777404785 0.08797264099121094 0.19993257522583008 0.09596824645996094 0.17694330215454102 0.03898811340332031 0.08760786056518555 0.20093512535095215 0.10397219657897949 0.15094518661499023 0.16894841194152832 0.23192620277404785 0.23192453384399414 0.23992633819580078 0.1689462661743164 0.21493268013000488 0.3204500675201416 0.6637833118438721 0.20793461799621582 0.1999361515045166 0.1519472599029541 0.3838801383972168 0.24847173690795898 0.07997417449951172 0.18394160270690918 0.23192572593688965 0.14395403861999512
WPM: 69.53
Keystroke times: 0.199937105178833 0.1999354362487793 0.1999361515045166 0.15995097160339355 0.03198838233947754 0.1919405460357666 0.11996102333068848 0.055982351303100586 0.15195012092590332 0.06398463249206543 0.19193267822265625 0.1279594898223877 0.18394088745117188 0.03999018669128418 0.08796954154968262 0.19194793701171875 0.10314226150512695 0.07297778129577637 0.6473112106323242 0.2329268455505371 0.2079322338104248 0.11196541786193848 0.02399301528930664 0.16795039176940918 0.15996479988098145 0.24791836738586426 0.22392845153808594 0.19193744659423828 0.183563232421875 0.0969693660736084 0.18394255638122559 0.09596776962280273 0.14395618438720703 0.2079312801361084 0.14395594596862793
WPM: 84.99
Keystroke times: 0.199937105178833 0.1999354362487793 0.1999361515045166 0.15995097160339355 0.03198838233947754 0.1919405460357666 0.11996102333068848 0.055982351303100586 0.15195012092590332 0.06398463249206543 0.19193267822265625 0.1279594898223877 0.18394088745117188 0.03999018669128418 0.08796954154968262 0.19194793701171875 0.10314226150512695 0.07297778129577637 0.6473112106323242 0.2329268455505371 0.2079322338104248 0.11196541786193848 0.02399301528930664 0.16795039176940918 0.15996479988098145 0.24791836738586426 0.22392845153808594 0.19193744659423828 0.183563232421875 0.0969693660736084 0.18394255638122559 0.09596776962280273 0.14395618438720703 0.2079312801361084 0.14395594596862793
WPM: 84.99
Keystroke times: 0.19893717765808105 0.1276869773864746 0.9207043647766113 0.11196470260620117 0.07997322082519531 0.18394184112548828 0.09597086906433105 0.11196494102478027 0.07997274398803711 0.11996293067932129 0.21592950820922852 0.07197904586791992 0.15194964408874512 0.06449770927429199 0.10396838188171387 0.1919384002685547 0.08697009086608887 0.09697175025939941 0.16795086860656738 0.19993066787719727 0.21593046188354492 0.023992061614990234 0.4558568000793457 0.11197519302368164 0.24046540260314941 0.28791308403015137 0.44785141944885254 0.2559182643890381 0.17594647407531738 0.10396409034729004 0.19247055053710938 0.07997322082519531 0.19194436073303223 0.24791717529296875 0.1359555721282959
WPM: 73.27
Keystroke times: 0.1999344825744629 0.09597468376159668 0.18393731117248535 0.11996030807495117 0.10396838188171387 0.29590630531311035 0.17594289779663086 0.15994715690612793 0.15994882583618164 0.11196422576904297 0.19993925094604492 0.27991414070129395 0.1519482135772705 0.6967754364013672 0.191939115524292 0.11196470260620117 0.11196422576904297 0.17594432830810547 0.11996173858642578 0.0719757080078125 0.11996102333068848 0.07197809219360352 0.17594289779663086 0.08797335624694824 0.15994715690612793 0.0639810562133789 0.11996269226074219 0.2559361457824707 0.1359567642211914 0.08797335624694824 0.18444180488586426 0.25591397285461426 0.23993897438049316 0.1199636459350586 0.12695670127868652
WPM: 80.99
Keystroke times: 0.1999344825744629 0.09597468376159668 0.18393731117248535 0.11996030807495117 0.10396838188171387 0.29590630531311035 0.17594289779663086 0.15994715690612793 0.15994882583618164 0.11196422576904297 0.19993925094604492 0.27991414070129395 0.1519482135772705 0.6967754364013672 0.191939115524292 0.11196470260620117 0.11196422576904297 0.17594432830810547 0.11996173858642578 0.0719757080078125 0.11996102333068848 0.07197809219360352 0.17594289779663086 0.08797335624694824 0.15994715690612793 0.0639810562133789 0.11996269226074219 0.2559361457824707 0.1359567642211914 0.08797335624694824 0.18444180488586426 0.25591397285461426 0.23993897438049316 0.1199636459350586 0.12695670127868652
WPM: 80.99
Keystroke times: 0.1999344825744629 0.09597468376159668 0.18393731117248535 0.11996030807495117 0.10396838188171387 0.29590630531311035 0.17594289779663086 0.15994715690612793 0.15994882583618164 0.11196422576904297 0.19993925094604492 0.27991414070129395 0.1519482135772705 0.6967754364013672 0.191939115524292 0.11196470260620117 0.11196422576904297 0.17594432830810547 0.11996173858642578 0.0719757080078125 0.11996102333068848 0.07197809219360352 0.17594289779663086 0.08797335624694824 0.15994715690612793 0.0639810562133789 0.11996269226074219 0.2559361457824707 0.1359567642211914 0.08797335624694824 0.18444180488586426 0.25591397285461426 0.23993897438049316 0.1199636459350586 0.12695670127868652
WPM: 80.99
Keystroke times: 0.1999344825744629 0.09597468376159668 0.18393731117248535 0.11996030807495117 0.10396838188171387 0.29590630531311035 0.17594289779663086 0.15994715690612793 0.15994882583618164 0.11196422576904297 0.19993925094604492 0.27991414070129395 0.1519482135772705 0.6967754364013672 0.191939115524292 0.11196470260620117 0.11196422576904297 0.17594432830810547 0.11996173858642578 0.0719757080078125 0.11996102333068848 0.07197809219360352 0.17594289779663086 0.08797335624694824 0.15994715690612793 0.0639810562133789 0.11996269226074219 0.2559361457824707 0.1359567642211914 0.08797335624694824 0.18444180488586426 0.25591397285461426 0.23993897438049316 0.1199636459350586 0.12695670127868652
WPM: 80.99
Keystroke times: 0.1999344825744629 0.09597468376159668 0.18393731117248535 0.11996030807495117 0.10396838188171387 0.29590630531311035 0.17594289779663086 0.15994715690612793 0.15994882583618164 0.11196422576904297 0.19993925094604492 0.27991414070129395 0.1519482135772705 0.6967754364013672 0.191939115524292 0.11196470260620117 0.11196422576904297 0.17594432830810547 0.11996173858642578 0.0719757080078125 0.11996102333068848 0.07197809219360352 0.17594289779663086 0.08797335624694824 0.15994715690612793 0.0639810562133789 0.11996269226074219 0.2559361457824707 0.1359567642211914 0.08797335624694824 0.18444180488586426 0.25591397285461426 0.23993897438049316 0.1199636459350586 0.12695670127868652
WPM: 80.99
Keystroke times: 0.1999344825744629 0.09597468376159668 0.18393731117248535 0.11996030807495117 0.10396838188171387 0.29590630531311035 0.17594289779663086 0.15994715690612793 0.15994882583618164 0.11196422576904297 0.19993925094604492 0.27991414070129395 0.1519482135772705 0.6967754364013672 0.191939115524292 0.11196470260620117 0.11196422576904297 0.17594432830810547 0.11996173858642578 0.0719757080078125 0.11996102333068848 0.07197809219360352 0.17594289779663086 0.08797335624694824 0.15994715690612793 0.0639810562133789 0.11996269226074219 0.2559361457824707 0.1359567642211914 0.08797335624694824 0.18444180488586426 0.25591397285461426 0.23993897438049316 0.1199636459350586 0.12695670127868652
WPM: 80.99
Keystroke times: 0.1999344825744629 0.09597468376159668 0.18393731117248535 0.11996030807495117 0.10396838188171387 0.29590630531311035 0.17594289779663086 0.15994715690612793 0.15994882583618164 0.11196422576904297 0.19993925094604492 0.27991414070129395 0.1519482135772705 0.6967754364013672 0.191939115524292 0.11196470260620117 0.11196422576904297 0.17594432830810547 0.11996173858642578 0.0719757080078125 0.11996102333068848 0.07197809219360352 0.17594289779663086 0.08797335624694824 0.15994715690612793 0.0639810562133789 0.11996269226074219 0.2559361457824707 0.1359567642211914 0.08797335624694824 0.18444180488586426 0.25591397285461426 0.23993897438049316 0.1199636459350586 0.12695670127868652
WPM: 80.99
Keystroke times: 0.1999344825744629 0.09597468376159668 0.18393731117248535 0.11996030807495117 0.10396838188171387 0.29590630531311035 0.17594289779663086 0.15994715690612793 0.15994882583618164 0.11196422576904297 0.19993925094604492 0.27991414070129395 0.1519482135772705 0.6967754364013672 0.191939115524292 0.11196470260620117 0.11196422576904297 0.17594432830810547 0.11996173858642578 0.0719757080078125 0.11996102333068848 0.07197809219360352 0.17594289779663086 0.08797335624694824 0.15994715690612793 0.0639810562133789 0.11996269226074219 0.2559361457824707 0.1359567642211914 0.08797335624694824 0.18444180488586426 0.25591397285461426 0.23993897438049316 0.1199636459350586 0.12695670127868652
WPM: 80.99
Keystroke times: 0.23192954063415527 0.15195131301879883 0.7204675674438477 0.09496831893920898 0.08097529411315918 0.5278306007385254 0.07997465133666992 0.10396552085876465 0.1029667854309082 0.0969698429107666 0.17594480514526367 0.08797168731689453 0.18457770347595215 0.07897377014160156 0.0969691276550293 0.18394112586975098 0.1999356746673584 0.3198981285095215 0.17594432830810547 0.12796568870544434 0.7597496509552002 0.22430801391601562 0.23192620277404785 0.1359574794769287 0.08797073364257812 0.20793604850769043 0.38443851470947266 0.2639150619506836 0.303905725479126 0.28792262077331543 0.19194579124450684 0.11995720863342285 0.15995073318481445 0.15194988250732422 0.2079319953918457
WPM: 63.63
Keystroke times: 0.23192954063415527 0.15195131301879883 0.7204675674438477 0.09496831893920898 0.08097529411315918 0.5278306007385254 0.07997465133666992 0.10396552085876465 0.1029667854309082 0.0969698429107666 0.17594480514526367 0.08797168731689453 0.18457770347595215 0.07897377014160156 0.0969691276550293 0.18394112586975098 0.1999356746673584 0.3198981285095215 0.17594432830810547 0.12796568870544434 0.7597496509552002 0.22430801391601562 0.23192620277404785 0.1359574794769287 0.08797073364257812 0.20793604850769043 0.38443851470947266 0.2639150619506836 0.303905725479126 0.28792262077331543 0.19194579124450684 0.11995720863342285 0.15995073318481445 0.15194988250732422 0.2079319953918457
WPM: 63.63
