Keystroke times: 0.31841444969177246 0.1689918041229248 0.19133806228637695 0.10396766662597656 0.10423803329467773 0.3449361324310303 0.15894842147827148 0.14395570755004883 0.13595914840698242 0.5368266105651855 0.17495393753051758 0.10496783256530762 0.06397867202758789 0.15995049476623535 0.007996559143066406 0.4718496799468994 0.13498640060424805 0.12895989418029785 0.11996340751647949 0.07997369766235352 0.10416531562805176 0.10396480560302734 0.15938901901245117 0.07297849655151367 0.15095019340515137 0.057253360748291016 0.09496808052062988 0.16794848442077637 0.11196565628051758 0.047985076904296875 0.12795662879943848 0.20893335342407227 0.1999368667602539 0.08798527717590332 0.0719754695892334
WPM: 88.50
Keystroke times: 0.1279604434967041 0.1999518871307373 0.7600834369659424 0.10396528244018555 0.07197713851928711 0.15994906425476074 0.11196541786193848 0.06397771835327148 0.16794610023498535 0.04798555374145508 0.21593093872070312 0.08797192573547363 0.17594361305236816 0.06397867202758789 0.11996674537658691 0.17594003677368164 0.12850117683410645 0.04798483848571777 0.15195298194885254 0.24791860580444336 0.30390334129333496 0.2639153003692627 0.41586995124816895 0.10396599769592285 0.06397867202758789 0.18448781967163086 0.1359555721282959 0.2559173107147217 0.1999366283416748 0.20793533325195312 0.16794562339782715 0.11996126174926758 0.14395451545715332 0.08797168731689453 0.1609485149383545
WPM: 79.36
Keystroke times: 0.1279604434967041 0.1999518871307373 0.7600834369659424 0.10396528244018555 0.07197713851928711 0.15994906425476074 0.11196541786193848 0.06397771835327148 0.16794610023498535 0.04798555374145508 0.21593093872070312 0.08797192573547363 0.17594361305236816 0.06397867202758789 0.11996674537658691 0.17594003677368164 0.12850117683410645 0.04798483848571777 0.15195298194885254 0.24791860580444336 0.30390334129333496 0.2639153003692627 0.41586995124816895 0.10396599769592285 0.06397867202758789 0.18448781967163086 0.1359555721282959 0.2559173107147217 0.1999366283416748 0.20793533325195312 0.16794562339782715 0.11996126174926758 0.14395451545715332 0.08797168731689453 0.1609485149383545
WPM: 79.36
Keystroke times: 0.1279604434967041 0.1999518871307373 0.7600834369659424 0.10396528244018555 0.07197713851928711 0.15994906425476074 0.11196541786193848 0.06397771835327148 0.16794610023498535 0.04798555374145508 0.21593093872070312 0.08797192573547363 0.17594361305236816 0.06397867202758789 0.11996674537658691 0.17594003677368164 0.12850117683410645 0.04798483848571777 0.15195298194885254 0.24791860580444336 0.30390334129333496 0.2639153003692627 0.41586995124816895 0.10396599769592285 0.06397867202758789 0.18448781967163086 0.1359555721282959 0.2559173107147217 0.1999366283416748 0.20793533325195312 0.16794562339782715 0.11996126174926758 0.14395451545715332 0.08797168731689453 0.1609485149383545
WPM: 79.36
Keystroke times: 0.1279604434967041 0.1999518871307373 0.7600834369659424 0.10396528244018555 0.07197713851928711 0.15994906425476074 0.11196541786193848 0.06397771835327148 0.16794610023498535 0.04798555374145508 0.21593093872070312 0.08797192573547363 0.17594361305236816 0.06397867202758789 0.11996674537658691 0.17594003677368164 0.12850117683410645 0.04798483848571777 0.15195298194885254 0.24791860580444336 0.30390334129333496 0.2639153003692627 0.41586995124816895 0.10396599769592285 0.06397867202758789 0.18448781967163086 0.1359555721282959 0.2559173107147217 0.1999366283416748 0.20793533325195312 0.16794562339782715 0.11996126174926758 0.14395451545715332 0.08797168731689453 0.1609485149383545
WPM: 79.36
